05 06 07 08 09 25
05 06 07 08 09 26
05 06 07 08 09 27
05 06 07 08 09 28
05 06 07 08 09 29
05 06 07 08 09 30
05 06 07 08 09 31
05 06 07 08 09 32
05 06 07 08 09 33
05 06 07 08 10 11
05 06 07 08 10 12
05 06 07 08 10 13
05 06 07 08 10 14
05 06 07 08 10 15
05 06 07 08 10 16
05 06 07 08 10 17
05 06 07 08 09 25
05 06 07 08 09 26
01 02 03 04 05 06
01 02 03 04 05 07
01 02 03 04 05 08
01 02 03 04 05 09
01 02 03 04 05 10
01 02 03 04 05 11
01 02 03 04 05 12
01 02 03 04 05 13
01 02 03 04 05 14
01 02 03 04 05 15
01 02 03 04 05 16
01 02 03 04 05 17
01 02 03 04 05 18
01 02 03 04 05 19
01 02 03 04 05 20
01 02 03 04 05 21
01 02 03 04 05 22
01 02 03 04 05 23
